.Random.seed <-
c(403L, 18L, -282232740L, -1136855713L, 230096693L, 1679250124L, 
-437776350L, -1525007747L, 459984759L, -344063842L, -404471976L, 
1267100347L, 341505113L, 1025994728L, -732349930L, -496681583L, 
1515234883L, -1202047662L, -1586357788L, 1900763175L, 571909245L, 
-792524428L, 1869563226L, 1148556197L, -1354349633L, -389320634L, 
-822575408L, -665089805L, -1888494063L, -1393874880L, 445832222L, 
1659812585L, -172744677L, 452061226L, 1855880012L, -561014513L, 
1627081797L, -591983108L, -147211182L, -1659396659L, -977780857L, 
-1920468370L, 1412332104L, 750619723L, -1052971607L, -1232731912L, 
-1229954010L, -1178344127L, 544494291L, -2013111678L, -1035894604L, 
1087860791L, 1126851373L, 1876645956L, 1947133290L, 2108641749L, 
-462944401L, 1773977206L, 493908384L, -136513949L, 2141654785L, 
-1105265040L, 1189681678L, -1703898503L, -810762741L, -326496454L, 
-796232132L, -1114677889L, 1009446613L, -347046164L, 595480642L, 
-1851672675L, 1840006679L, 1185758078L, -1336846024L, 39122459L, 
1003837305L, 1212797384L, 361663990L, 1392406577L, -882328989L, 
517367346L, -1611041916L, -160280121L, -80906083L, 1648832532L, 
429213370L, -1717381371L, -214698785L, -1552353946L, -2103541520L, 
-1822456813L, -1095530063L, 816596064L, -264269314L, -196201079L, 
220983995L, 1564761738L, 1603443052L, -1760370961L, 348645669L, 
-1622210596L, 839247282L, 1065907373L, -1240673177L, -618370162L, 
1133620328L, -447575957L, -801140215L, 666492056L, -118239290L, 
1660396321L, -543690829L, -742439134L, -2127324908L, -201000553L, 
931342733L, 2103685284L, -1909658998L, -140254987L, 1228048207L, 
1986494550L, -2106184960L, 2021400131L, -1813518879L, -1813515952L, 
1113565102L, -56697511L, 1629350763L, -101455142L, -172913764L, 
165762975L, -1107730955L, -413044596L, 147386722L, -628036291L, 
-338158153L, 961899102L, 1702329240L, -1345432837L, -626451815L, 
-1967037656L, 131797462L, -782975407L, -1200374525L, -1998655342L, 
238503460L, 206592231L, 1401744701L, 261278132L, 1387763226L, 
-450570907L, 121658367L, -1004946810L, 375794192L, 1327296691L, 
1649797969L, 391186176L, 2126104030L, 908308009L, -1404402213L, 
845613802L, -1822160756L, 543995855L, 1822617477L, 1853668412L, 
1853189394L, -175789555L, -17284793L, 398099246L, 1332928136L, 
-190834805L, -1040025751L, -829003464L, -573393946L, -2027912319L, 
1736063763L, 1446610114L, 1194336116L, -1360854153L, -1711328147L, 
-2085868796L, -1003810262L, 16678805L, -88398801L, -594584266L, 
1549985120L, 647816099L, -107617087L, -111876944L, -223722546L, 
-1991932103L, 402282315L, 1871922426L, 289897980L, 1715932735L, 
-2105535723L, -213487572L, 369062146L, -529516067L, 193808599L, 
852472766L, -941664776L, 1299214811L, -459268039L, 1705179528L, 
-800647882L, -799928463L, -528376413L, 798318834L, 580615236L, 
1225639687L, -721295651L, -731756588L, 1843418874L, -2089743803L, 
757951135L, -1988933594L, -1767236432L, 531664211L, 842512497L, 
-420272736L, 1762515262L, 467519561L, -1943192325L, 292574410L, 
47139372L, -478261713L, 1409896165L, -201332684L, 862891720L, 
2109696186L, -152026480L, -10115348L, 1350783572L, 1789857426L, 
1517245728L, -182444596L, -1913917728L, 1751170242L, -1663509464L, 
-1202936916L, 79234748L, 1846626290L, 1941582384L, -870360156L, 
-2024233544L, 1260324698L, 1961629840L, 843638652L, -1553734380L, 
-1168031422L, 1604517120L, -1621040708L, 2012159312L, -949876446L, 
1272345160L, 576936972L, -1492094372L, -665684526L, -1972388352L, 
270045524L, 293831912L, 1798854906L, 1841033936L, -1538302164L, 
1193327860L, -1550895726L, 992242016L, 343975948L, -883234592L, 
-1451792798L, 166588584L, -1092544436L, 674715516L, 1621237042L, 
1283952240L, -29587644L, -928429096L, 251989882L, -1610431440L, 
629022652L, -1951638956L, -1540403134L, -1626401120L, 1281641148L, 
1100711888L, 247196002L, 1428998888L, 858920140L, 1301580284L, 
-331353614L, 1920798848L, -2088276492L, 1664584328L, 2021836602L, 
484538704L, 857028716L, 181650836L, 1453665362L, -1265561120L, 
-278462260L, -2141771104L, 316551554L, -938060568L, 2065513196L, 
-933678788L, -543789966L, -790651280L, -626141660L, 1504387128L, 
-154421990L, -1668878128L, 1586425148L, 1154371476L, -239257726L, 
1978363840L, -931385796L, 1667588496L, -1615657950L, -342875896L, 
-1193319284L, 1397478172L, 2037485714L, -1580646016L, 1514388500L, 
583038760L, 1136868922L, 1118593488L, 1938989420L, -1610633292L, 
-1723582958L, 830378976L, 1289164236L, 1894368480L, -595965918L, 
-996176088L, -1535408628L, -179090628L, -959407118L, 433558256L, 
-1890352572L, 312780376L, 184086330L, -1350079504L, -1216389444L, 
852450580L, 1463533762L, -1561181088L, -1734749828L, -1658105904L, 
-882693854L, 1735368360L, 418419596L, 1568806076L, 182085426L, 
1572844096L, -846295884L, -736877496L, -1730395718L, 1126133264L, 
636389612L, 370266452L, -1546031342L, -1895959136L, 45910732L, 
1545823840L, -1620049982L, 1284479784L, 1644176812L, 1861302588L, 
-2075158670L, 1695611184L, 440151844L, -1625227976L, 1136048858L, 
-1685297264L, 737313532L, 258674580L, 495106114L, 1783430400L, 
89011260L, -390060720L, 471877794L, -1356654776L, 1464340236L, 
-2020275492L, -1221833902L, -751377792L, -1834563500L, -1259117592L, 
1542854394L, -1371393712L, 19950380L, 223887220L, -288924782L, 
-1626833312L, 985718668L, 1731502944L, -312934430L, 459784104L, 
-1444231988L, 944160252L, 1427293106L, -1537117712L, 267555268L, 
1146126680L, -1198410374L, 965087664L, -1439637572L, -1162022828L, 
-58936382L, 771709984L, 655752380L, -81808816L, -435488798L, 
1495420520L, -1174472116L, 1233850620L, 1295941618L, -79366912L, 
1049571188L, -1116913656L, -1184858694L, 759711184L, 803314668L, 
1055309716L, 1384158162L, -1258576032L, -63193780L, -357843680L, 
-1402150014L, -1995541784L, -1760885524L, 267838012L, -690470030L, 
-1014703504L, 912977956L, -2048180424L, -1486510950L, 2122799824L, 
2028177596L, 2127640212L, 453906050L, 1525832896L, -949817028L, 
-650483568L, 486187554L, 1092410888L, 9033996L, -1338127716L, 
-884562414L, -1970731648L, 125105684L, 1718251048L, 320484666L, 
154459256L, 1720617302L, -1432918045L, -1886785115L, 28189762L, 
1674836528L, -1423945127L, 1837548491L, 361391164L, -114693526L, 
-1354061665L, -733871831L, 2138641854L, 1404921004L, -23813635L, 
1507699015L, 1178886704L, -965614770L, -544610437L, 906907869L, 
-1100179190L, -1452639192L, 1020932241L, 1533625475L, 1870292356L, 
1925481394L, 1737166087L, 255809361L, -775547178L, -1709666380L, 
307945413L, -1722441969L, -212263544L, 825702566L, -391632813L, 
1664438709L, 1957566226L, 230816992L, 473092425L, 1935240059L, 
-354871732L, -1558403110L, 1374860751L, 1717175193L, 657560494L, 
189814972L, -1665208019L, 440599255L, 604252960L, -753841026L, 
-2073415093L, -1391296435L, -1316446598L, -2054601032L, 1849410657L, 
-1083578861L, -2009715660L, 896275010L, -2049018281L, 1776553377L, 
-870977946L, 143171172L, 1769921941L, 1927106239L, 435975768L, 
1845437046L, -1849143677L, 1740231365L, -665747486L, 1834052176L, 
-1174786183L, -1732111189L, 1298447388L, -1546396854L, -394388673L, 
-1339329143L, -1491915362L, -857955252L, 2053211677L, -1172796505L, 
821694160L, 2054619246L, 713246491L, -432035715L, -1893755286L, 
2060007176L, 755107761L, 327274531L, 2120855844L, 116819410L, 
956077607L, -1257856911L, 1162217142L, 271243860L, -1962133787L, 
-195333393L, -447357400L, 1216846470L, -359488333L, 709863957L, 
-250463118L, -1142990656L, 304581929L, 172569499L, -890018708L, 
247474298L, 1346548143L, -1339430727L, 1570208462L, -812074980L, 
2081586061L, 1718396407L, 1474713856L, 1013266270L, -980144085L, 
-1737560275L, 1223455642L, 1565782360L, -810375999L, -1018076301L, 
1579425940L, -2071476958L, 255857719L, 2024918273L, -1559646202L, 
1321322052L, -500408459L, 602149599L, 1671466552L, -951407082L, 
1540186659L, 1159949797L, -221142014L, 1203357296L, 960136217L, 
-66378229L, -1213852420L, 2042779946L, 1116159839L, 824205033L, 
-1551516162L, 307696108L, 884349245L, 1912342791L, -1189955344L, 
-1196120946L, -827449669L, -1390367075L, -446326198L, 565950568L, 
